frames_result  94.7%
video_result   0.9667  i=
i =

    25

        Value    Count   Percent
  HeadBanging      751     44.86%
     Spinning      806     48.15%
  ArmFlapping      117      6.99%

i =

    42

        Value    Count   Percent
  HeadBanging      948     56.63%
     Spinning      611     36.50%
  ArmFlapping      115      6.87%







